Keren Minimax vs Minimax
player 1 move
[0, 5, 5, 1]
player 2 move
[0, 5, 4, 2]
1(0)  1(0)  1(0)  1(0)  1(0)  1(0)  
1(0)  1(0)  1(0)  1(0)  1(0)  1(0)  
1(0)  1(0)  1(0)  1(0)  1(0)  1(0)  
1(0)  1(0)  1(0)  1(0)  1(0)  1(0)  
1(0)  1(0)  1(0)  1(0)  1(0)  1(2)  
1(0)  1(0)  1(0)  1(0)  1(0)  1(1)  
player 1 move
[0, 5, 3, 1]
player 2 move
[0, 4, 3, 2]
1(0)  1(0)  1(0)  1(0)  1(0)  1(0)  
1(0)  1(0)  1(0)  1(0)  1(0)  1(0)  
1(0)  1(0)  1(0)  1(0)  1(0)  1(0)  
1(0)  1(0)  1(0)  1(0)  1(2)  1(1)  
1(0)  1(0)  1(0)  1(0)  1(0)  1(2)  
1(0)  1(0)  1(0)  1(0)  1(0)  1(1)  
player 1 move
[0, 4, 4, 1]
player 2 move
[0, 3, 4, 2]
1(0)  1(0)  1(0)  1(0)  1(0)  1(0)  
1(0)  1(0)  1(0)  1(0)  1(0)  1(0)  
1(0)  1(0)  1(0)  1(0)  1(0)  1(0)  
1(0)  1(0)  1(0)  1(0)  1(2)  1(1)  
1(0)  1(0)  1(0)  1(2)  1(1)  1(2)  
1(0)  1(0)  1(0)  1(0)  1(0)  1(1)  
player 1 move
[0, 4, 2, 1]
player 2 move
[0, 3, 2, 2]
1(0)  1(0)  1(0)  1(0)  1(0)  1(0)  
1(0)  1(0)  1(0)  1(0)  1(0)  1(0)  
1(0)  1(0)  1(0)  1(2)  1(1)  1(0)  
1(0)  1(0)  1(0)  1(0)  1(2)  1(1)  
1(0)  1(0)  1(0)  1(2)  1(1)  1(2)  
1(0)  1(0)  1(0)  1(0)  1(0)  1(1)  
player 1 move
[0, 3, 5, 1]
player 2 move
[0, 2, 5, 2]
1(0)  1(0)  1(0)  1(0)  1(0)  1(0)  
1(0)  1(0)  1(0)  1(0)  1(0)  1(0)  
1(0)  1(0)  1(0)  1(2)  1(1)  1(0)  
1(0)  1(0)  1(0)  1(0)  1(2)  1(1)  
1(0)  1(0)  1(0)  1(2)  1(1)  1(2)  
1(0)  1(0)  1(2)  1(1)  1(0)  1(1)  
player 1 move
[0, 3, 1, 1]
player 2 move
[0, 2, 2, 2]
1(0)  1(0)  1(0)  1(0)  1(0)  1(0)  
1(0)  1(0)  1(0)  1(1)  1(0)  1(0)  
1(0)  1(0)  1(2)  1(2)  1(1)  1(0)  
1(0)  1(0)  1(0)  1(0)  1(2)  1(1)  
1(0)  1(0)  1(0)  1(2)  1(1)  1(2)  
1(0)  1(0)  1(2)  1(1)  1(0)  1(1)  
player 1 move
[1, 2, 1, 1]
player 2 move
[0, 0, 1, 2]
1(0)  1(0)  1(0)  1(0)  1(0)  1(0)  
1(2)  1(0)  1(1)  1(1)  1(0)  1(0)  
1(0)  1(0)  1(1)  1(2)  1(1)  1(0)  
1(0)  1(0)  1(0)  1(0)  1(2)  1(1)  
1(0)  1(0)  1(0)  1(2)  1(1)  1(2)  
1(0)  1(0)  1(2)  1(1)  1(0)  1(1)  
player 1 move
[1, 1, 1, 1]
player 2 move
[0, 0, 2, 2]
1(0)  1(0)  1(0)  1(0)  1(0)  1(0)  
1(1)  1(1)  1(1)  1(1)  1(0)  1(0)  
1(2)  1(0)  1(1)  1(2)  1(1)  1(0)  
1(0)  1(0)  1(0)  1(0)  1(2)  1(1)  
1(0)  1(0)  1(0)  1(2)  1(1)  1(2)  
1(0)  1(0)  1(2)  1(1)  1(0)  1(1)  
player 1 move
[1, 1, 2, 1]
player 2 move
[0, 0, 0, 2]
1(2)  1(0)  1(0)  1(0)  1(0)  1(0)  
1(1)  1(1)  1(1)  1(1)  1(0)  1(0)  
1(1)  1(1)  1(1)  1(2)  1(1)  1(0)  
1(0)  1(0)  1(0)  1(0)  1(2)  1(1)  
1(0)  1(0)  1(0)  1(2)  1(1)  1(2)  
1(0)  1(0)  1(2)  1(1)  1(0)  1(1)  
player 1 move
[1, 1, 0, 1]
player 2 move
[0, 0, 4, 2]
1(1)  1(1)  1(0)  1(0)  1(0)  1(0)  
1(1)  1(1)  1(1)  1(1)  1(0)  1(0)  
1(1)  1(1)  1(1)  1(2)  1(1)  1(0)  
1(0)  1(0)  1(0)  1(0)  1(2)  1(1)  
1(2)  1(0)  1(0)  1(2)  1(1)  1(2)  
1(0)  1(0)  1(2)  1(1)  1(0)  1(1)  
player 1 move
[1, 2, 3, 1]
player 2 move
[0, 0, 3, 2]
1(1)  1(1)  1(0)  1(0)  1(0)  1(0)  
1(1)  1(1)  1(1)  1(1)  1(0)  1(0)  
1(1)  1(1)  1(1)  1(2)  1(1)  1(0)  
1(2)  1(0)  1(1)  1(0)  1(2)  1(1)  
1(2)  1(0)  1(0)  1(2)  1(1)  1(2)  
1(0)  1(0)  1(2)  1(1)  1(0)  1(1)  
player 1 move
[1, 2, 4, 1]
player 2 move
[1, 3, 3, 2]
1(1)  1(1)  1(0)  1(0)  1(0)  1(0)  
1(1)  1(1)  1(1)  1(1)  1(0)  1(0)  
1(1)  1(1)  1(1)  1(2)  1(1)  1(0)  
1(2)  1(0)  1(2)  1(2)  1(2)  1(1)  
1(2)  1(0)  1(1)  1(2)  1(1)  1(2)  
1(0)  1(0)  1(1)  1(1)  1(0)  1(1)  
player 1 move
[1, 1, 4, 1]
player 2 move
[0, 0, 5, 2]
1(1)  1(1)  1(0)  1(0)  1(0)  1(0)  
1(1)  1(1)  1(1)  1(1)  1(0)  1(0)  
1(1)  1(1)  1(1)  1(2)  1(1)  1(0)  
1(2)  1(0)  1(2)  1(2)  1(2)  1(1)  
1(1)  1(1)  1(1)  1(2)  1(1)  1(2)  
1(2)  1(0)  1(1)  1(1)  1(0)  1(1)  
player 1 move
[1, 1, 5, 1]
player 2 move
[0, 1, 3, 2]
1(1)  1(1)  1(0)  1(0)  1(0)  1(0)  
1(1)  1(1)  1(1)  1(1)  1(0)  1(0)  
1(1)  1(1)  1(1)  1(2)  1(1)  1(0)  
1(2)  1(2)  1(2)  1(2)  1(2)  1(1)  
1(1)  1(1)  1(1)  1(2)  1(1)  1(2)  
1(1)  1(1)  1(1)  1(1)  1(0)  1(1)  
player 1 move
[0, 5, 2, 1]
player 2 move
[0, 2, 0, 2]
1(1)  1(1)  1(2)  1(0)  1(0)  1(0)  
1(1)  1(1)  1(1)  1(1)  1(0)  1(0)  
1(1)  1(1)  1(1)  1(2)  1(1)  1(1)  
1(2)  1(2)  1(2)  1(2)  1(2)  1(1)  
1(1)  1(1)  1(1)  1(2)  1(1)  1(2)  
1(1)  1(1)  1(1)  1(1)  1(0)  1(1)  
player 1 move
[1, 3, 0, 1]
player 2 move
[0, 4, 0, 2]
1(1)  1(1)  1(1)  1(1)  1(2)  1(0)  
1(1)  1(1)  1(1)  1(1)  1(0)  1(0)  
1(1)  1(1)  1(1)  1(2)  1(1)  1(1)  
1(2)  1(2)  1(2)  1(2)  1(2)  1(1)  
1(1)  1(1)  1(1)  1(2)  1(1)  1(2)  
1(1)  1(1)  1(1)  1(1)  1(0)  1(1)  
player 1 move
[1, 4, 1, 1]
player 2 move
[0, 5, 1, 2]
1(1)  1(1)  1(1)  1(1)  1(1)  1(0)  
1(1)  1(1)  1(1)  1(1)  1(1)  1(2)  
1(1)  1(1)  1(1)  1(2)  1(1)  1(1)  
1(2)  1(2)  1(2)  1(2)  1(2)  1(1)  
1(1)  1(1)  1(1)  1(2)  1(1)  1(2)  
1(1)  1(1)  1(1)  1(1)  1(0)  1(1)  
player 1 move
[1, 5, 0, 1]
player 2 move
[0, 4, 5, 2]
1(1)  1(1)  1(1)  1(1)  1(1)  1(1)  
1(1)  1(1)  1(1)  1(1)  1(1)  1(1)  
1(1)  1(1)  1(1)  1(2)  1(1)  1(1)  
1(2)  1(2)  1(2)  1(2)  1(2)  1(1)  
1(1)  1(1)  1(1)  1(2)  1(1)  1(2)  
1(1)  1(1)  1(1)  1(1)  1(2)  1(1)  

1(1)  1(1)  1(1)  1(1)  1(1)  1(1)  
1(1)  1(1)  1(1)  1(1)  1(1)  1(1)  
1(1)  1(1)  1(1)  1(2)  1(1)  1(1)  
1(2)  1(2)  1(2)  1(2)  1(2)  1(1)  
1(1)  1(1)  1(1)  1(2)  1(1)  1(2)  
1(1)  1(1)  1(1)  1(1)  1(2)  1(1)  
[1, 27, 9, 36]
Player 1 expanded Nodes:  35395
Player 1 Moves:  18
Player 2 Expanded Nodes:  21416
Player 2 Moves:  18

Narvik Minimax vs Minimax
Player 1 expanded Nodes:  0
Player 1 Moves:  0
Player 2 Expanded Nodes:  0
Player 2 Moves:  0

Sevastopol Minimax vs Minimax
Player 1 expanded Nodes:  0
Player 1 Moves:  0
Player 2 Expanded Nodes:  0
Player 2 Moves:  0

Smolensk Minimax vs Minimax
Player 1 expanded Nodes:  0
Player 1 Moves:  0
Player 2 Expanded Nodes:  0
Player 2 Moves:  0

Westerplatte Minimax vs Minimax
Player 1 expanded Nodes:  0
Player 1 Moves:  0
Player 2 Expanded Nodes:  0
Player 2 Moves:  0
